xof 0303txt 0032

template AnimTicksPerSecond {
  <9E415A43-7BA6-4a73-8743-B73D47E88476>
  DWORD AnimTicksPerSecond;
}

template XSkinMeshHeader {
  <3cf169ce-ff7c-44ab-93c0-f78f62d172e2>
  WORD nMaxSkinWeightsPerVertex;
  WORD nMaxSkinWeightsPerFace;
  WORD nBones;
}

template SkinWeights {
  <6f0d123b-bad2-4167-a0d0-80224f25fabb>
  STRING transformNodeName;
  DWORD nWeights;
  array DWORD vertexIndices[nWeights];
  array float weights[nWeights];
  Matrix4x4 matrixOffset;
}

Frame Root {
  FrameTransformMatrix {
     1.000000, 0.000000, 0.000000, 0.000000,
     0.000000,-0.000000, 1.000000, 0.000000,
     0.000000, 1.000000, 0.000000, 0.000000,
     0.000000, 0.000000, 0.000000, 1.000000;;
  }
  Frame exportv3 {
    FrameTransformMatrix {
       1.000000, 0.000000, 0.000000, 0.000000,
       0.000000, 1.000000, 0.000000, 0.000000,
       0.000000, 0.000000, 1.000000, 0.000000,
       0.000000, 0.000000, 0.000000, 1.000000;;
    }
    Frame exportv3_hips {
      FrameTransformMatrix {
         1.000000, 0.000000, 0.000000, 0.000000,
        -0.000000, 0.167325, 0.985902, 0.000000,
         0.000000,-0.985902, 0.167325, 0.000000,
         0.000000,-0.010804, 1.505956, 1.000000;;
      }
      Frame exportv3_spine {
        FrameTransformMatrix {
           1.000000,-0.000000, 0.000000, 0.000000,
           0.000000, 0.989106,-0.147202, 0.000000,
          -0.000000, 0.147202, 0.989106, 0.000000,
          -0.000000, 0.230132, 0.000000, 1.000000;;
        }
        Frame exportv3_chest {
          FrameTransformMatrix {
             1.000000, 0.000000,-0.000000, 0.000000,
            -0.000000, 0.894236, 0.447595, 0.000000,
             0.000000,-0.447595, 0.894236, 0.000000,
            -0.000000, 0.088013, 0.000000, 1.000000;;
          }
          Frame exportv3_clavicle_L {
            FrameTransformMatrix {
               0.211812, 0.281533, 0.935882, 0.000000,
               0.967197,-0.197795,-0.159399, 0.000000,
               0.140237, 0.938944,-0.314193, 0.000000,
               0.036851, 0.459906, 0.079722, 1.000000;;
            }
            Frame exportv3_upper_arm_L {
              FrameTransformMatrix {
                -0.153735,-0.638505,-0.754106, 0.000000,
                 0.020999, 0.760895,-0.648535, 0.000000,
                 0.987889,-0.115538,-0.103568, 0.000000,
                 0.000000, 0.296176,-0.000000, 1.000000;;
              }
              Frame exportv3_forearm_L {
                FrameTransformMatrix {
                   1.000000, 0.000003,-0.000003, 0.000000,
                   0.000000, 0.687889, 0.725816, 0.000000,
                   0.000004,-0.725816, 0.687889, 0.000000,
                   0.000000, 0.386248, 0.000000, 1.000000;;
                }
                Frame exportv3_hand_L {
                  FrameTransformMatrix {
                     0.074681, 0.060457,-0.995373, 0.000000,
                     0.262363, 0.961804, 0.078103, 0.000000,
                     0.962075,-0.266982, 0.055967, 0.000000,
                    -0.000000, 0.414662,-0.000000, 1.000000;;
                  }
                  Frame exportv3_f_index_01_L {
                    FrameTransformMatrix {
                       0.912447, 0.138134,-0.385175, 0.000000,
                      -0.118668, 0.990174, 0.073989, 0.000000,
                       0.391611,-0.021803, 0.919873, 0.000000,
                      -0.041592, 0.174630,-0.012611, 1.000000;;
                    }
                  } // End of exportv3_f_index_01_L
                  Frame exportv3_f_ring_01_L {
                    FrameTransformMatrix {
                       0.951878,-0.301369, 0.055734, 0.000000,
                       0.304213, 0.951157,-0.052483, 0.000000,
                      -0.037195, 0.066913, 0.997065, 0.000000,
                       0.034812, 0.159437,-0.024183, 1.000000;;
                    }
                  } // End of exportv3_f_ring_01_L
                  Frame exportv3_thumb_02_L {
                    FrameTransformMatrix {
                      -0.059604, 0.425371,-0.903054, 0.000000,
                      -0.397945, 0.819542, 0.412300, 0.000000,
                       0.915471, 0.383941, 0.120427, 0.000000,
                      -0.065190, 0.095492, 0.034945, 1.000000;;
                    }
                    Frame exportv3_thumb_03_L {
                      FrameTransformMatrix {
                         0.999791, 0.006016, 0.019516, 0.000000,
                        -0.007406, 0.997383, 0.071916, 0.000000,
                        -0.019032,-0.072046, 0.997220, 0.000000,
                        -0.000000, 0.064107, 0.000000, 1.000000;;
                      }
                    } // End of exportv3_thumb_03_L
                  } // End of exportv3_thumb_02_L
                } // End of exportv3_hand_L
              } // End of exportv3_forearm_L
            } // End of exportv3_upper_arm_L
          } // End of exportv3_clavicle_L
          Frame exportv3_clavicle_R {
            FrameTransformMatrix {
               0.211812,-0.281533,-0.935882, 0.000000,
              -0.967197,-0.197795,-0.159399, 0.000000,
              -0.140237, 0.938944,-0.314193, 0.000000,
              -0.036851, 0.459906, 0.079722, 1.000000;;
            }
            Frame exportv3_upper_arm_R {
              FrameTransformMatrix {
                -0.153735, 0.638505, 0.754106, 0.000000,
                -0.020999, 0.760895,-0.648535, 0.000000,
                -0.987889,-0.115538,-0.103568, 0.000000,
                -0.000000, 0.296176,-0.000000, 1.000000;;
              }
              Frame exportv3_forearm_R {
                FrameTransformMatrix {
                   1.000000,-0.000003, 0.000003, 0.000000,
                  -0.000000, 0.687889, 0.725816, 0.000000,
                  -0.000004,-0.725816, 0.687889, 0.000000,
                  -0.000000, 0.386248, 0.000000, 1.000000;;
                }
                Frame exportv3_hand_R {
                  FrameTransformMatrix {
                     0.074681,-0.060457, 0.995373, 0.000000,
                    -0.262363, 0.961804, 0.078103, 0.000000,
                    -0.962075,-0.266982, 0.055967, 0.000000,
                     0.000000, 0.414662,-0.000000, 1.000000;;
                  }
                  Frame exportv3_f_index_01_R {
                    FrameTransformMatrix {
                       0.912447,-0.138134, 0.385175, 0.000000,
                       0.118668, 0.990174, 0.073989, 0.000000,
                      -0.391611,-0.021803, 0.919873, 0.000000,
                       0.041592, 0.174630,-0.012611, 1.000000;;
                    }
                  } // End of exportv3_f_index_01_R
                  Frame exportv3_f_ring_01_R {
                    FrameTransformMatrix {
                       0.951878, 0.301369,-0.055734, 0.000000,
                      -0.304213, 0.951157,-0.052483, 0.000000,
                       0.037195, 0.066913, 0.997065, 0.000000,
                      -0.034812, 0.159437,-0.024183, 1.000000;;
                    }
                  } // End of exportv3_f_ring_01_R
                  Frame exportv3_thumb_02_R {
                    FrameTransformMatrix {
                      -0.059944,-0.425229, 0.903099, 0.000000,
                       0.397945, 0.819542, 0.412300, 0.000000,
                      -0.915449, 0.384098, 0.120091, 0.000000,
                       0.065190, 0.095492, 0.034945, 1.000000;;
                    }
                    Frame exportv3_thumb_03_R {
                      FrameTransformMatrix {
                         0.999790,-0.006038,-0.019587, 0.000000,
                         0.007432, 0.997383, 0.071914, 0.000000,
                         0.019102,-0.072044, 0.997218, 0.000000,
                        -0.000000, 0.064107, 0.000000, 1.000000;;
                      }
                    } // End of exportv3_thumb_03_R
                  } // End of exportv3_thumb_02_R
                } // End of exportv3_hand_R
              } // End of exportv3_forearm_R
            } // End of exportv3_upper_arm_R
          } // End of exportv3_clavicle_R
          Frame exportv3_neck {
            FrameTransformMatrix {
               1.000000,-0.000000, 0.000000, 0.000000,
               0.000000, 0.979095,-0.203406, 0.000000,
              -0.000000, 0.203406, 0.979095, 0.000000,
               0.000000, 0.568698,-0.000000, 1.000000;;
            }
            Frame exportv3_head {
              FrameTransformMatrix {
                 1.000000, 0.000000,-0.000000, 0.000000,
                -0.000000, 0.996144, 0.087734, 0.000000,
                 0.000000,-0.087734, 0.996144, 0.000000,
                 0.000000, 0.166592,-0.000000, 1.000000;;
              }
              Frame exportv3_eye_L {
                FrameTransformMatrix {
                   0.979256,-0.177885,-0.097032, 0.000000,
                   0.086969,-0.063539, 0.994183, 0.000000,
                  -0.183015,-0.981998,-0.046751, 0.000000,
                   0.047714, 0.048857, 0.194242, 1.000000;;
                }
              } // End of exportv3_eye_L
              Frame exportv3_eye_R {
                FrameTransformMatrix {
                   0.979256, 0.177885, 0.097032, 0.000000,
                  -0.086969,-0.063539, 0.994183, 0.000000,
                   0.183015,-0.981998,-0.046751, 0.000000,
                  -0.047714, 0.048857, 0.194242, 1.000000;;
                }
              } // End of exportv3_eye_R
              Frame exportv3_jaw {
                FrameTransformMatrix {
                   1.000000, 0.000000, 0.000000, 0.000000,
                  -0.000000,-0.664806, 0.747016, 0.000000,
                   0.000000,-0.747016,-0.664805, 0.000000,
                  -0.000000,-0.005528, 0.088554, 1.000000;;
                }
              } // End of exportv3_jaw
            } // End of exportv3_head
          } // End of exportv3_neck
        } // End of exportv3_chest
      } // End of exportv3_spine
      Frame exportv3_thigh_L {
        FrameTransformMatrix {
           0.995128, 0.093754, 0.030530, 0.000000,
           0.096169,-0.991224,-0.090699, 0.000000,
           0.021758, 0.093192,-0.995411, 0.000000,
           0.174978,-0.022103,-0.021103, 1.000000;;
        }
        Frame exportv3_shin_L {
          FrameTransformMatrix {
             1.000000,-0.000002,-0.000003, 0.000000,
             0.000003, 0.993673, 0.112316, 0.000000,
             0.000002,-0.112316, 0.993673, 0.000000,
             0.000000, 0.664495, 0.000000, 1.000000;;
          }
          Frame exportv3_foot_L {
            FrameTransformMatrix {
               0.999838, 0.017080, 0.005604, 0.000000,
              -0.001852, 0.407972,-0.912993, 0.000000,
              -0.017880, 0.912835, 0.407938, 0.000000,
               0.000000, 0.711081,-0.000000, 1.000000;;
            }
            Frame exportv3_toe_L {
              FrameTransformMatrix {
                 1.000000, 0.000076, 0.000151, 0.000000,
                -0.000001, 0.897319,-0.441382, 0.000000,
                -0.000169, 0.441382, 0.897319, 0.000000,
                 0.000000, 0.227948, 0.000000, 1.000000;;
              }
            } // End of exportv3_toe_L
          } // End of exportv3_foot_L
        } // End of exportv3_shin_L
      } // End of exportv3_thigh_L
      Frame exportv3_thigh_R {
        FrameTransformMatrix {
           0.995128,-0.093754,-0.030530, 0.000000,
          -0.096169,-0.991224,-0.090699, 0.000000,
          -0.021758, 0.093192,-0.995411, 0.000000,
          -0.174978,-0.022103,-0.021103, 1.000000;;
        }
        Frame exportv3_shin_R {
          FrameTransformMatrix {
             1.000000, 0.000002, 0.000003, 0.000000,
            -0.000003, 0.993673, 0.112316, 0.000000,
            -0.000002,-0.112316, 0.993673, 0.000000,
            -0.000000, 0.664495, 0.000000, 1.000000;;
          }
          Frame exportv3_foot_R {
            FrameTransformMatrix {
               0.999838,-0.017080,-0.005604, 0.000000,
               0.001852, 0.407972,-0.912993, 0.000000,
               0.017880, 0.912835, 0.407938, 0.000000,
              -0.000000, 0.711081,-0.000000, 1.000000;;
            }
            Frame exportv3_toe_R {
              FrameTransformMatrix {
                 1.000000,-0.000076,-0.000151, 0.000000,
                 0.000001, 0.897319,-0.441382, 0.000000,
                 0.000169, 0.441382, 0.897319, 0.000000,
                -0.000000, 0.227948, 0.000000, 1.000000;;
              }
            } // End of exportv3_toe_R
          } // End of exportv3_foot_R
        } // End of exportv3_shin_R
      } // End of exportv3_thigh_R
    } // End of exportv3_hips
    Frame exportv3_male1591 {
      FrameTransformMatrix {
         1.000000, 0.000000, 0.000000, 0.000000,
         0.000000, 1.000000, 0.000000, 0.000000,
         0.000000, 0.000000, 1.000000, 0.000000,
         0.000000, 0.000000, 0.000000, 1.000000;;
      }
      Mesh { // exportv3_male1591 mesh
        6296;
        -0.019346;-0.224225; 2.465204;,
        -0.030843;-0.219171; 2.465677;,
        -0.018857;-0.232806; 2.460288;,
        -0.012582;-0.233966; 2.458119;,
        -0.030049;-0.143009; 2.484076;,
        -0.021774;-0.098561; 2.486000;,
        -0.034737;-0.100943; 2.485451;,
        -0.042005;-0.147040; 2.485924;,
        -0.026125;-0.180647; 2.473174;,
        -0.030049;-0.143009; 2.484076;,
        -0.042005;-0.147040; 2.485924;,
        -0.041852;-0.187762; 2.479939;,
        -0.019346;-0.224225; 2.465204;,
        -0.026125;-0.180647; 2.473174;,
        -0.041852;-0.187762; 2.479939;,
        -0.030843;-0.219171; 2.465677;,
        -0.038997;-0.105509; 2.469220;,
        -0.044998;-0.146322; 2.474915;,
        -0.042005;-0.147040; 2.485924;,
        -0.034737;-0.100943; 2.485451;,
        -0.044998;-0.146322; 2.474915;,
        -0.039150;-0.184678; 2.470533;,
        -0.041852;-0.187762; 2.479939;,
        -0.042005;-0.147040; 2.485924;,
        -0.039150;-0.184678; 2.470533;,
        -0.030309;-0.216560; 2.457783;,
        -0.030843;-0.219171; 2.465677;,
        -0.041852;-0.187762; 2.479939;,
        -0.030309;-0.216560; 2.457783;,
        -0.019056;-0.228775; 2.455401;,
        -0.018857;-0.232806; 2.460288;,
        -0.030843;-0.219171; 2.465677;,
        -0.026140;-0.108196; 2.451263;,
        -0.030736;-0.144643; 2.463479;,
        -0.044998;-0.146322; 2.474915;,
        -0.038997;-0.105509; 2.469220;,
        -0.030736;-0.144643; 2.463479;,
        -0.027026;-0.181212; 2.460013;,
        -0.039150;-0.184678; 2.470533;,
        -0.044998;-0.146322; 2.474915;,
        -0.027026;-0.181212; 2.460013;,
        -0.016277;-0.212437; 2.458486;,
        -0.030309;-0.216560; 2.457783;,
        -0.039150;-0.184678; 2.470533;,
        -0.016277;-0.212437; 2.458486;,
        -0.012704;-0.223156; 2.454134;,
        -0.019056;-0.228775; 2.455401;,
        -0.030309;-0.216560; 2.457783;,
        -0.012704;-0.223156; 2.454134;,
        -0.012582;-0.233966; 2.458119;,
        -0.018857;-0.232806; 2.460288;,
        -0.019056;-0.228775; 2.455401;,
        -0.037134;-0.242654; 2.591142;,
        -0.053823;-0.242670; 2.593982;,
        -0.054067;-0.237188; 2.590272;,
        -0.038966;-0.236806; 2.588180;,
        -0.026522;-0.236272; 2.580622;,
        -0.037134;-0.242654; 2.591142;,
        -0.038966;-0.236806; 2.588180;,
        -0.032798;-0.235295; 2.581599;,
        -0.039653;-0.238807; 2.574117;,
        -0.026522;-0.236272; 2.580622;,
        -0.032798;-0.235295; 2.581599;,
        -0.045379;-0.238471; 2.579003;,
        -0.067947;-0.229722; 2.574072;,
        -0.066252;-0.231691; 2.578439;,
        -0.072543;-0.226881; 2.584409;,
        -0.079704;-0.223385; 2.586027;,
        -0.066695;-0.236791; 2.592517;,
        -0.065290;-0.236837; 2.587859;,
        -0.054067;-0.237188; 2.590272;,
        -0.053823;-0.242670; 2.593982;,
        -0.079704;-0.223385; 2.586027;,
        -0.072543;-0.226881; 2.584409;,
        -0.065290;-0.236837; 2.587859;,
        -0.066695;-0.236791; 2.592517;,
        -0.052892;-0.237783; 2.572789;,
        -0.055289;-0.238852; 2.578393;,
        -0.066252;-0.231691; 2.578439;,
        -0.067947;-0.229722; 2.574072;,
        -0.039653;-0.238807; 2.574117;,
        -0.045379;-0.238471; 2.579003;,
        -0.055289;-0.238852; 2.578393;,
        -0.052892;-0.237783; 2.572789;,
        -0.129756;-0.078727; 2.576973;,
        -0.134077;-0.073749; 2.562422;,
        -0.114502;-0.082468; 2.560284;,
        -0.125480;-0.087583; 2.572392;,
        -0.133084; 0.022598; 2.372582;,
        -0.214086; 0.049044; 2.340731;,
        -0.214605;-0.034172; 2.336105;,
        -0.162187;-0.028538; 2.363299;,
        -0.133741;-0.075123; 2.548359;,
        -0.114991;-0.084651; 2.541106;,
        -0.114502;-0.082468; 2.560284;,
        -0.134077;-0.073749; 2.562422;,
        -0.121831;-0.098302; 2.536556;,
        -0.116166;-0.106944; 2.539106;,
        -0.116930;-0.109310; 2.566498;,
        -0.116075;-0.098836; 2.556100;,
        -0.121526;-0.096607; 2.567567;,
        -0.116075;-0.098836; 2.556100;,
        -0.116930;-0.109310; 2.566498;,
        -0.122793;-0.104928; 2.578133;,
        -0.121526;-0.096607; 2.567567;,
        -0.125480;-0.087583; 2.572392;,
        -0.114502;-0.082468; 2.560284;,
        -0.116075;-0.098836; 2.556100;,
        -0.125480;-0.087583; 2.572392;,
        -0.121526;-0.096607; 2.567567;,
        -0.122793;-0.104928; 2.578133;,
        -0.125114;-0.086972; 2.591020;,
        -0.129756;-0.078727; 2.576973;,
        -0.125480;-0.087583; 2.572392;,
        -0.125114;-0.086972; 2.591020;,
        -0.132947;-0.068909; 2.590913;,
        -0.121831;-0.098302; 2.536556;,
        -0.116075;-0.098836; 2.556100;,
        -0.114502;-0.082468; 2.560284;,
        -0.114991;-0.084651; 2.541106;,
        -0.134077;-0.073749; 2.562422;,
        -0.129756;-0.078727; 2.576973;,
        -0.132947;-0.068909; 2.590913;,
        -0.136352;-0.059961; 2.564773;,
        -0.134535;-0.065794; 2.546694;,
        -0.133741;-0.075123; 2.548359;,
        -0.134077;-0.073749; 2.562422;,
        -0.136352;-0.059961; 2.564773;,
        -0.039195;-0.243845; 2.471907;,
        -0.038997;-0.246670; 2.473907;,
        -0.046295;-0.240227; 2.477068;,
        -0.045318;-0.240837; 2.472487;,
        -0.039195;-0.243845; 2.471907;,
        -0.045318;-0.240837; 2.472487;,
        -0.040722;-0.242990; 2.465250;,
        -0.036019;-0.247388; 2.469006;,
        -0.027515;-0.256274; 2.489711;,
        -0.027835;-0.257603; 2.480534;,
        -0.013101;-0.264046; 2.480320;,
        -0.010536;-0.266184; 2.489222;,
        -0.046295;-0.240227; 2.477068;,
        -0.038997;-0.246670; 2.473907;,
        -0.027835;-0.257603; 2.480534;,
        -0.027515;-0.256274; 2.489711;,
        -0.028110;-0.249877; 2.456837;,
        -0.028706;-0.253144; 2.466792;,
        -0.036019;-0.247388; 2.469006;,
        -0.040722;-0.242990; 2.465250;,
        -0.013162;-0.249388; 2.448881;,
        -0.016292;-0.259801; 2.465051;,
        -0.028706;-0.253144; 2.466792;,
        -0.028110;-0.249877; 2.456837;,
        -0.015254;-0.256488; 2.474106;,
        -0.013101;-0.264046; 2.480320;,
        -0.027835;-0.257603; 2.480534;,
        -0.027301;-0.251220; 2.474213;,
        -0.038997;-0.246670; 2.473907;,
        -0.037088;-0.246212; 2.472426;,
        -0.027301;-0.251220; 2.474213;,
        -0.027835;-0.257603; 2.480534;,
        -0.039195;-0.243845; 2.471907;,
        -0.036019;-0.247388; 2.469006;,
        -0.035378;-0.245555; 2.471327;,
        -0.037180;-0.243693; 2.472044;,
        -0.028095;-0.245326; 2.474121;,
        -0.028706;-0.253144; 2.466792;,
        -0.016292;-0.259801; 2.465051;,
        -0.015132;-0.253343; 2.473999;,
        -0.054602;-0.234165; 2.470289;,
        -0.043226;-0.240242; 2.460318;,
        -0.040722;-0.242990; 2.465250;,
        -0.045318;-0.240837; 2.472487;,
        -0.043226;-0.240242; 2.460318;,
        -0.030126;-0.247586; 2.452485;,
        -0.028110;-0.249877; 2.456837;,
        -0.040722;-0.242990; 2.465250;,
        -0.030126;-0.247586; 2.452485;,
        -0.013391;-0.250670; 2.447752;,
        -0.013162;-0.249388; 2.448881;,
        -0.028110;-0.249877; 2.456837;,
        -0.085583;-0.218957; 2.588043;,
        -0.070665;-0.225339; 2.568346;,
        -0.067947;-0.229722; 2.574072;,
        -0.079704;-0.223385; 2.586027;,
        -0.018078;-0.239005; 2.580546;,
        -0.032187;-0.248380; 2.599510;,
        -0.037134;-0.242654; 2.591142;,
        -0.026522;-0.236272; 2.580622;,
        -0.012185;-0.249266; 2.591570;,
        -0.023041;-0.257618; 2.613466;,
        -0.032187;-0.248380; 2.599510;,
        -0.018078;-0.239005; 2.580546;,
        -0.032187;-0.248380; 2.599510;,
        -0.054984;-0.244410; 2.602930;,
        -0.053823;-0.242670; 2.593982;,
        -0.037134;-0.242654; 2.591142;,
        -0.023041;-0.257618; 2.613466;,
        -0.058648;-0.250915; 2.617756;,
        -0.054984;-0.244410; 2.602930;,
        -0.032187;-0.248380; 2.599510;,
        -0.054984;-0.244410; 2.602930;,
        -0.071672;-0.238883; 2.600365;,
        -0.066695;-0.236791; 2.592517;,
        -0.053823;-0.242670; 2.593982;,
        -0.058648;-0.250915; 2.617756;,
        -0.081490;-0.234195; 2.614534;,
        -0.071672;-0.238883; 2.600365;,
        -0.054984;-0.244410; 2.602930;,
        -0.071672;-0.238883; 2.600365;,
        -0.085583;-0.218957; 2.588043;,
        -0.079704;-0.223385; 2.586027;,
        -0.066695;-0.236791; 2.592517;,
        -0.081490;-0.234195; 2.614534;,
        -0.094606;-0.212468; 2.599830;,
        -0.085583;-0.218957; 2.588043;,
        -0.071672;-0.238883; 2.600365;,
        -0.049609;-0.234913; 2.565933;,
        -0.033470;-0.237753; 2.569186;,
        -0.039653;-0.238807; 2.574117;,
        -0.052892;-0.237783; 2.572789;,
        -0.033470;-0.237753; 2.569186;,
        -0.018078;-0.239005; 2.580546;,
        -0.026522;-0.236272; 2.580622;,
        -0.039653;-0.238807; 2.574117;,
        -0.070665;-0.225339; 2.568346;,
        -0.049609;-0.234913; 2.565933;,
        -0.052892;-0.237783; 2.572789;,
        -0.067947;-0.229722; 2.574072;,
        -0.018888;-0.271070; 2.517714;,
        -0.014994;-0.267146; 2.516004;,
        -0.008795;-0.272276; 2.512904;,
        -0.012261;-0.276658; 2.516233;,
        -0.025667;-0.257740; 2.517806;,
        -0.018017;-0.256916; 2.516080;,
        -0.014994;-0.267146; 2.516004;,
        -0.018888;-0.271070; 2.517714;,
        -0.026629;-0.248945; 2.515164;,
        -0.018735;-0.255511; 2.510568;,
        -0.018017;-0.256916; 2.516080;,
        -0.025667;-0.257740; 2.517806;,
        -0.018017;-0.256916; 2.516080;,
        -0.009299;-0.265237; 2.512324;,
        -0.008795;-0.272276; 2.512904;,
        -0.014994;-0.267146; 2.516004;,
        -0.009497;-0.262244; 2.505438;,
        -0.009299;-0.265237; 2.512324;,
        -0.018017;-0.256916; 2.516080;,
        -0.018735;-0.255511; 2.510568;,
        -0.022919;-0.266138; 2.528066;,
        -0.013421;-0.278475; 2.526264;,
        -0.010933;-0.271192; 2.541121;,
        -0.019789;-0.259572; 2.539106;,
        -0.018888;-0.271070; 2.517714;,
        -0.012261;-0.276658; 2.516233;,
        -0.013421;-0.278475; 2.526264;,
        -0.022919;-0.266138; 2.528066;,
        -0.025667;-0.257740; 2.517806;,
        -0.018888;-0.271070; 2.517714;,
        -0.022919;-0.266138; 2.528066;,
        -0.027286;-0.254808; 2.525974;,
        -0.027591;-0.234485; 2.410724;,
        -0.037913;-0.226240; 2.412022;,
        -0.047319;-0.206711; 2.412037;,
        -0.034050;-0.206803; 2.405640;,
        -0.016964;-0.239433; 2.407930;,
        -0.027591;-0.234485; 2.410724;,
        -0.034050;-0.206803; 2.405640;,
        -0.016139;-0.212361; 2.401380;,
        -0.047319;-0.206711; 2.412037;,
        -0.037913;-0.226240; 2.412022;,
        -0.043837;-0.231615; 2.426116;,
        -0.054281;-0.211246; 2.425260;,
        -0.030797;-0.244410; 2.428665;,
        -0.043837;-0.231615; 2.426116;,
        -0.037913;-0.226240; 2.412022;,
        -0.027591;-0.234485; 2.410724;,
        -0.015009;-0.254243; 2.426864;,
        -0.030797;-0.244410; 2.428665;,
        -0.027591;-0.234485; 2.410724;,
        -0.016964;-0.239433; 2.407930;,
        -0.054602;-0.234165; 2.470289;,
        -0.045318;-0.240837; 2.472487;,
        -0.046295;-0.240227; 2.477068;,
        -0.055930;-0.235615; 2.486703;,
        -0.055930;-0.235615; 2.486703;,
        -0.046295;-0.240227; 2.477068;,
        -0.038676;-0.246258; 2.497116;,
        -0.047334;-0.240669; 2.507469;,
        -0.104073;-0.146490; 2.503972;,
        -0.113677;-0.118838; 2.548450;,
        -0.110776;-0.110349; 2.508888;,
        -0.100577;-0.120854; 2.484718;,
        -0.070054;-0.224835; 2.504628;,
        -0.075719;-0.202344; 2.465861;,
        -0.054602;-0.234165; 2.470289;,
        -0.055930;-0.235615; 2.486703;,
        -0.059900;-0.234501; 2.536800;,
        -0.070054;-0.224835; 2.504628;,
        -0.055930;-0.235615; 2.486703;,
        -0.047334;-0.240669; 2.507469;,
        -0.090453;-0.175318; 2.474884;,
        -0.104073;-0.146490; 2.503972;,
        -0.100577;-0.120854; 2.484718;,
        -0.092637;-0.132672; 2.452409;,
        -0.075719;-0.202344; 2.465861;,
        -0.090453;-0.175318; 2.474884;,
        -0.092637;-0.132672; 2.452409;,
        -0.075413;-0.163775; 2.426512;,
        -0.054602;-0.234165; 2.470289;,
        -0.075719;-0.202344; 2.465861;,
        -0.075413;-0.163775; 2.426512;,
        -0.054281;-0.211246; 2.425260;,
        -0.090453;-0.175318; 2.474884;,
        -0.075719;-0.202344; 2.465861;,
        -0.070054;-0.224835; 2.504628;,
        -0.089049;-0.203016; 2.511897;,
        -0.054281;-0.211246; 2.425260;,
        -0.043837;-0.231615; 2.426116;,
        -0.043226;-0.240242; 2.460318;,
        -0.054602;-0.234165; 2.470289;,
        -0.089049;-0.203016; 2.511897;,
        -0.070054;-0.224835; 2.504628;,
        -0.059900;-0.234501; 2.536800;,
        -0.083231;-0.220835; 2.538022;,
        -0.103691;-0.168966; 2.530189;,
        -0.104073;-0.146490; 2.503972;,
        -0.090453;-0.175318; 2.474884;,
        -0.089049;-0.203016; 2.511897;,
        -0.099828;-0.194633; 2.561979;,
        -0.103691;-0.168966; 2.530189;,
        -0.089049;-0.203016; 2.511897;,
        -0.083231;-0.220835; 2.538022;,
        -0.027118;-0.248487; 2.531532;,
        -0.027286;-0.254808; 2.525974;,
        -0.022919;-0.266138; 2.528066;,
        -0.019789;-0.259572; 2.539106;,
        -0.038676;-0.246258; 2.497116;,
        -0.046295;-0.240227; 2.477068;,
        -0.027515;-0.256274; 2.489711;,
        -0.023758;-0.256702; 2.497696;,
        -0.023758;-0.256702; 2.497696;,
        -0.027515;-0.256274; 2.489711;,
        -0.010536;-0.266184; 2.489222;,
        -0.011299;-0.263023; 2.494963;,
        -0.110776;-0.110349; 2.508888;,
        -0.101645;-0.087354; 2.506949;,
        -0.095019;-0.088423; 2.473617;,
        -0.100577;-0.120854; 2.484718;,
        -0.110578;-0.148536; 2.563383;,
        -0.113677;-0.118838; 2.548450;,
        -0.104073;-0.146490; 2.503972;,
        -0.103691;-0.168966; 2.530189;,
        -0.103432;-0.181853; 2.587600;,
        -0.110578;-0.148536; 2.563383;,
        -0.103691;-0.168966; 2.530189;,
        -0.099828;-0.194633; 2.561979;,
        -0.027118;-0.248487; 2.531532;,
        -0.026629;-0.248945; 2.515164;,
        -0.025667;-0.257740; 2.517806;,
        -0.027286;-0.254808; 2.525974;,
        -0.018384;-0.249281; 2.560772;,
        -0.019789;-0.259572; 2.539106;,
        -0.010933;-0.271192; 2.541121;,
        -0.010398;-0.255526; 2.563719;,
        -0.028599;-0.242960; 2.554817;,
        -0.027118;-0.248487; 2.531532;,
        -0.019789;-0.259572; 2.539106;,
        -0.018384;-0.249281; 2.560772;,
        -0.011299;-0.263023; 2.494963;,
        -0.009497;-0.262244; 2.505438;,
        -0.018735;-0.255511; 2.510568;,
        -0.023758;-0.256702; 2.497696;,
        -0.047334;-0.240669; 2.507469;,
        -0.038676;-0.246258; 2.497116;,
        -0.026629;-0.248945; 2.515164;,
        -0.027118;-0.248487; 2.531532;,
        -0.038676;-0.246258; 2.497116;,
        -0.023758;-0.256702; 2.497696;,
        -0.018735;-0.255511; 2.510568;,
        -0.026629;-0.248945; 2.515164;,
        -0.027118;-0.248487; 2.531532;,
        -0.028599;-0.242960; 2.554817;,
        -0.059900;-0.234501; 2.536800;,
        -0.047334;-0.240669; 2.507469;,
        -0.110578;-0.148536; 2.563383;,
        -0.111891;-0.129496; 2.592715;,
        -0.115189;-0.119816; 2.571659;,
        -0.113677;-0.118838; 2.548450;,
        -0.110578;-0.148536; 2.563383;,
        -0.103432;-0.181853; 2.587600;,
        -0.103142;-0.158385; 2.617741;,
        -0.111891;-0.129496; 2.592715;,
        -0.029026;-0.250197; 2.653760;,
        -0.061992;-0.236608; 2.654127;,
        -0.058648;-0.250915; 2.617756;,
        -0.023041;-0.257618; 2.613466;,
        -0.061992;-0.236608; 2.654127;,
        -0.082758;-0.216758; 2.646966;,
        -0.081490;-0.234195; 2.614534;,
        -0.058648;-0.250915; 2.617756;,
        -0.082758;-0.216758; 2.646966;,
        -0.097431;-0.186587; 2.635499;,
        -0.094606;-0.212468; 2.599830;,
        -0.081490;-0.234195; 2.614534;,
        -0.063183;-0.118487; 2.361283;,
        -0.027896;-0.138108; 2.348412;,
        -0.021789;-0.151651; 2.378430;,
        -0.053747;-0.132718; 2.395425;,
        -0.085445;-0.090255; 2.376568;,
        -0.063183;-0.118487; 2.361283;,
        -0.053747;-0.132718; 2.395425;,
        -0.078574;-0.104012; 2.408052;,
        -0.096133;-0.057365; 2.406098;,
        -0.085445;-0.090255; 2.376568;,
        -0.078574;-0.104012; 2.408052;,
        -0.092789;-0.073703; 2.435995;,
        -0.063733;-0.139726; 2.415152;,
        -0.041577;-0.163103; 2.403273;,
        -0.034050;-0.206803; 2.405640;,
        -0.047319;-0.206711; 2.412037;,
        -0.041577;-0.163103; 2.403273;,
        -0.018262;-0.174982; 2.394494;,
        -0.016139;-0.212361; 2.401380;,
        -0.034050;-0.206803; 2.405640;,
        -0.041577;-0.163103; 2.403273;,
        -0.053747;-0.132718; 2.395425;,
        -0.021789;-0.151651; 2.378430;,
        -0.018262;-0.174982; 2.394494;,
        -0.063733;-0.139726; 2.415152;,
        -0.078574;-0.104012; 2.408052;,
        -0.053747;-0.132718; 2.395425;,
        -0.041577;-0.163103; 2.403273;,
        -0.075413;-0.163775; 2.426512;,
        -0.063733;-0.139726; 2.415152;,
        -0.047319;-0.206711; 2.412037;,
        -0.054281;-0.211246; 2.425260;,
        -0.085491;-0.106364; 2.442285;,
        -0.063733;-0.139726; 2.415152;,
        -0.075413;-0.163775; 2.426512;,
        -0.092637;-0.132672; 2.452409;,
        -0.085491;-0.106364; 2.442285;,
        -0.092789;-0.073703; 2.435995;,
        -0.078574;-0.104012; 2.408052;,
        -0.063733;-0.139726; 2.415152;,
        -0.091079;-0.037485; 2.498567;,
        -0.069978;-0.009299; 2.490657;,
        -0.077719;-0.016521; 2.454195;,
        -0.092499;-0.051105; 2.465021;,
        -0.100577;-0.120854; 2.484718;,
        -0.095019;-0.088423; 2.473617;,
        -0.085491;-0.106364; 2.442285;,
        -0.092637;-0.132672; 2.452409;,
        -0.095019;-0.088423; 2.473617;,
        -0.092499;-0.051105; 2.465021;,
        -0.092789;-0.073703; 2.435995;,
        -0.085491;-0.106364; 2.442285;,
        -0.070573;-0.169104; 2.725448;,
        -0.067260;-0.209047; 2.693506;,
        -0.037363;-0.225614; 2.696865;,
        -0.034661;-0.177273; 2.739847;,
        -0.068497;-0.107127; 2.743297;,
        -0.070573;-0.169104; 2.725448;,
        -0.034661;-0.177273; 2.739847;,
        -0.033057;-0.111952; 2.756276;,
        -0.068481;-0.025285; 2.740977;,
        -0.068497;-0.107127; 2.743297;,
        -0.033057;-0.111952; 2.756276;,
        -0.032859;-0.026431; 2.752703;,
        -0.094454;-0.141238; 2.707644;,
        -0.089843;-0.185212; 2.680649;,
        -0.067260;-0.209047; 2.693506;,
        -0.070573;-0.169104; 2.725448;,
        -0.093797;-0.085995; 2.718348;,
        -0.094454;-0.141238; 2.707644;,
        -0.070573;-0.169104; 2.725448;,
        -0.068497;-0.107127; 2.743297;,
        -0.090698;-0.031240; 2.722669;,
        -0.093797;-0.085995; 2.718348;,
        -0.068497;-0.107127; 2.743297;,
        -0.068481;-0.025285; 2.740977;,
        -0.070023; 0.011299; 2.707079;,
        -0.092469;-0.014185; 2.700758;,
        -0.090698;-0.031240; 2.722669;,
        -0.068481;-0.025285; 2.740977;,
        -0.040677; 0.029133; 2.719768;,
        -0.070023; 0.011299; 2.707079;,
        -0.068481;-0.025285; 2.740977;,
        -0.032859;-0.026431; 2.752703;,
        -0.117617;-0.087170; 2.591860;,
        -0.118793;-0.067641; 2.581340;,
        -0.132947;-0.068909; 2.590913;,
        -0.125114;-0.086972; 2.591020;,
        -0.122793;-0.104928; 2.578133;,
        -0.119098;-0.107921; 2.583126;,
        -0.117617;-0.087170; 2.591860;,
        -0.125114;-0.086972; 2.591020;,
        -0.118793;-0.067641; 2.581340;,
        -0.117693;-0.066023; 2.565429;,
        -0.136352;-0.059961; 2.564773;,
        -0.132947;-0.068909; 2.590913;,
        -0.114609;-0.071947; 2.547473;,
        -0.111754;-0.078421; 2.529334;,
        -0.131649;-0.073825; 2.530112;,
        -0.134535;-0.065794; 2.546694;,
        -0.124305;-0.093461; 2.510629;,
        -0.101645;-0.087354; 2.506949;,
        -0.110776;-0.110349; 2.508888;,
        -0.115861;-0.105432; 2.511270;,
        -0.111754;-0.078421; 2.529334;,
        -0.101645;-0.087354; 2.506949;,
        -0.124305;-0.093461; 2.510629;,
        -0.131649;-0.073825; 2.530112;,
        -0.119648;-0.075383; 2.623818;,
        -0.117617;-0.087170; 2.591860;,
        -0.119098;-0.107921; 2.583126;,
        -0.115678;-0.108791; 2.614122;,
        -0.094454;-0.141238; 2.707644;,
        -0.109066;-0.108120; 2.681931;,
        -0.101310;-0.155591; 2.668876;,
        -0.089843;-0.185212; 2.680649;,
        -0.114716;-0.086850; 2.651119;,
        -0.119648;-0.075383; 2.623818;,
        -0.115678;-0.108791; 2.614122;,
        -0.109112;-0.127878; 2.638476;,
        -0.110379;-0.028980; 2.609038;,
        -0.118793;-0.067641; 2.581340;,
        -0.117617;-0.087170; 2.591860;,
        -0.119648;-0.075383; 2.623818;,
        -0.093797;-0.085995; 2.718348;,
        -0.107020;-0.060114; 2.693139;,
        -0.109066;-0.108120; 2.681931;,
        -0.094454;-0.141238; 2.707644;,
        -0.070023; 0.011299; 2.707079;,
        -0.040677; 0.029133; 2.719768;,
        -0.042112; 0.045776; 2.684497;,
        -0.069550; 0.029164; 2.677962;,
        -0.113891;-0.045883; 2.659273;,
        -0.110379;-0.028980; 2.609038;,
        -0.119648;-0.075383; 2.623818;,
        -0.114716;-0.086850; 2.651119;,
        -0.096469;-0.021651; 2.547534;,
        -0.093019;-0.030080; 2.525470;,
        -0.111754;-0.078421; 2.529334;,
        -0.114609;-0.071947; 2.547473;,
        -0.091079;-0.037485; 2.498567;,
        -0.092499;-0.051105; 2.465021;,
        -0.095019;-0.088423; 2.473617;,
        -0.101645;-0.087354; 2.506949;,
        -0.093019;-0.030080; 2.525470;,
        -0.091079;-0.037485; 2.498567;,
        -0.101645;-0.087354; 2.506949;,
        -0.111754;-0.078421; 2.529334;,
        -0.110379;-0.028980; 2.609038;,
        -0.103814;-0.019132; 2.577843;,
        -0.117693;-0.066023; 2.565429;,
        -0.118793;-0.067641; 2.581340;,
        -0.078406; 0.011757; 2.558070;,
        -0.072573;-0.001786; 2.523409;,
        -0.093019;-0.030080; 2.525470;,
        -0.096469;-0.021651; 2.547534;,
        -0.072573;-0.001786; 2.523409;,
        -0.069978;-0.009299; 2.490657;,
        -0.091079;-0.037485; 2.498567;,
        -0.093019;-0.030080; 2.525470;,
        -0.090194; 0.012902; 2.624658;,
        -0.083139; 0.017025; 2.592181;,
        -0.103814;-0.019132; 2.577843;,
        -0.110379;-0.028980; 2.609038;,
        -0.093767; 0.000962; 2.668388;,
        -0.090194; 0.012902; 2.624658;,
        -0.110379;-0.028980; 2.609038;,
        -0.113891;-0.045883; 2.659273;,
        -0.055075; 0.035699; 2.570209;,
        -0.050510; 0.016490; 2.522111;,
        -0.072573;-0.001786; 2.523409;,
        -0.078406; 0.011757; 2.558070;,
        -0.050510; 0.016490; 2.522111;,
        -0.050815; 0.008398; 2.484886;,
        -0.069978;-0.009299; 2.490657;,
        -0.072573;-0.001786; 2.523409;,
        -0.066237; 0.039928; 2.637804;,
        -0.060251; 0.041547; 2.602502;,
        -0.083139; 0.017025; 2.592181;,
        -0.090194; 0.012902; 2.624658;,
        -0.069550; 0.029164; 2.677962;,
        -0.066237; 0.039928; 2.637804;,
        -0.090194; 0.012902; 2.624658;,
        -0.093767; 0.000962; 2.668388;,
        -0.036890; 0.047151; 2.575186;,
        -0.031759; 0.027957; 2.524478;,
        -0.050510; 0.016490; 2.522111;,
        -0.055075; 0.035699; 2.570209;,
        -0.031759; 0.027957; 2.524478;,
        -0.029286; 0.019498; 2.486122;,
        -0.050815; 0.008398; 2.484886;,
        -0.050510; 0.016490; 2.522111;,
        -0.041440; 0.053365; 2.643836;,
        -0.039226; 0.054602; 2.609740;,
        -0.060251; 0.041547; 2.602502;,
        -0.066237; 0.039928; 2.637804;,
        -0.042112; 0.045776; 2.684497;,
        -0.041440; 0.053365; 2.643836;,
        -0.066237; 0.039928; 2.637804;,
        -0.069550; 0.029164; 2.677962;,
        -0.069550; 0.029164; 2.677962;,
        -0.093767; 0.000962; 2.668388;,
        -0.092469;-0.014185; 2.700758;,
        -0.070023; 0.011299; 2.707079;,
        -0.107020;-0.060114; 2.693139;,
        -0.093797;-0.085995; 2.718348;,
        -0.090698;-0.031240; 2.722669;,
        -0.092469;-0.014185; 2.700758;,
        -0.092469;-0.014185; 2.700758;,
        -0.093767; 0.000962; 2.668388;,
        -0.113891;-0.045883; 2.659273;,
        -0.107020;-0.060114; 2.693139;,
        -0.109066;-0.108120; 2.681931;,
        -0.107020;-0.060114; 2.693139;,
        -0.113891;-0.045883; 2.659273;,
        -0.114716;-0.086850; 2.651119;,
        -0.092789;-0.073703; 2.435995;,
        -0.092499;-0.051105; 2.465021;,
        -0.077719;-0.016521; 2.454195;,
        -0.096133;-0.057365; 2.406098;,
        -0.060786; 0.004275; 2.450943;,
        -0.077719;-0.016521; 2.454195;,
        -0.069978;-0.009299; 2.490657;,
        -0.050815; 0.008398; 2.484886;,
        -0.029393; 0.021926; 2.443843;,
        -0.060786; 0.004275; 2.450943;,
        -0.050815; 0.008398; 2.484886;,
        -0.029286; 0.019498; 2.486122;,
        -0.070558; 0.021987; 2.406754;,
        -0.035653; 0.030385; 2.405579;,
        -0.052770; 0.062297; 2.357451;,
        -0.091095; 0.052922; 2.368399;,
        -0.104088; 0.001328; 2.398387;,
        -0.070558; 0.021987; 2.406754;,
        -0.091095; 0.052922; 2.368399;,
        -0.133084; 0.022598; 2.372582;,
        -0.118930;-0.034355; 2.385301;,
        -0.096133;-0.057365; 2.406098;,
        -0.077719;-0.016521; 2.454195;,
        -0.104088; 0.001328; 2.398387;,
        -0.105799;-0.075352; 2.348809;,
        -0.118930;-0.034355; 2.385301;,
        -0.162187;-0.028538; 2.363299;,
        -0.129542;-0.079918; 2.305964;,
        -0.074024;-0.109219; 2.328028;,
        -0.105799;-0.075352; 2.348809;,
        -0.129542;-0.079918; 2.305964;,
        -0.081796;-0.111983; 2.290558;,
        -0.214605;-0.034172; 2.336105;,
        -0.201886;-0.090713; 2.283931;,
        -0.129542;-0.079918; 2.305964;,
        -0.162187;-0.028538; 2.363299;,
        -0.129542;-0.079918; 2.305964;,
        -0.201886;-0.090713; 2.283931;,
        -0.180433;-0.136718; 2.234811;,
        -0.081796;-0.111983; 2.290558;,
        -0.201886;-0.090713; 2.283931;,
        -0.284995;-0.113540; 2.261394;,
        -0.282567;-0.135054; 2.214182;,
        -0.180433;-0.136718; 2.234811;,
        -0.144918;-0.194786; 1.745395;,
        -0.088010;-0.224057; 1.753243;,
        -0.081597;-0.238440; 1.835085;,
        -0.142429;-0.205627; 1.832351;,
        -0.159698; 0.067703; 1.659293;,
        -0.222163; 0.014078; 1.655231;,
        -0.222255;-0.032385; 1.727545;,
        -0.181243; 0.043975; 1.729362;,
        -0.181243; 0.043975; 1.729362;,
        -0.222255;-0.032385; 1.727545;,
        -0.216850;-0.030095; 1.809311;,
